1 0.505896 0.767313 0.143868 0.419515
1 0.793632 0.919469 0.202830 0.161062
1 0.925708 0.760918 0.129717 0.268592
1 0.901533 0.382331 0.055425 0.268592
1 0.833726 0.562671 0.068396 0.250686
1 0.720519 0.607437 0.108491 0.324868
1 0.590212 0.425818 0.057783 0.140691
1 0.280660 0.459072 0.134434 0.212315
1 0.482901 0.346519 0.064858 0.156039
1 0.550118 0.381052 0.043632 0.163713
1 0.604363 0.236524 0.081368 0.161155
1 0.172759 0.703362 0.199292 0.286498
1 0.308373 0.776266 0.053066 0.370912
1 0.426887 0.635575 0.127358 0.324868
1 0.035377 0.372099 0.051887 0.278824
1 0.126179 0.336287 0.077830 0.150923
1 0.317807 0.230129 0.050708 0.138133
1 0.270637 0.250593 0.053066 0.122785
1 0.389151 0.232687 0.061321 0.133017
1 0.831368 0.190480 0.047170 0.094647
1 0.830778 0.342682 0.064858 0.214873
1 0.966392 0.413027 0.060142 0.258360
1 0.388561 0.056184 0.062500 0.102321
1 0.757075 0.130367 0.023585 0.107437
1 0.517099 0.077927 0.050708 0.115111
1 0.641509 0.070253 0.047170 0.130459