1 0.135024 0.714873 0.211085 0.442537
1 0.270637 0.740453 0.194575 0.411841
1 0.530660 0.712315 0.080189 0.396492
1 0.605542 0.597205 0.116745 0.345332
1 0.718750 0.846565 0.258255 0.306870
1 0.746462 0.540928 0.198113 0.319752
1 0.220519 0.232687 0.134434 0.189293
1 0.127358 0.482094 0.233491 0.381144
1 0.330189 0.338845 0.063679 0.314636
1 0.046580 0.077927 0.076651 0.145807
1 0.686321 0.265942 0.075472 0.173945
1 0.511792 0.342682 0.061321 0.260918
1 0.419222 0.447561 0.093160 0.230221
1 0.521816 0.122693 0.064858 0.107437
1 0.355542 0.066416 0.053066 0.092089
1 0.609670 0.225013 0.075472 0.173945
1 0.762382 0.311986 0.053066 0.122785
1 0.725236 0.118856 0.063679 0.125343
1 0.239976 0.051068 0.057783 0.081857
1 0.583137 0.090717 0.050708 0.079298
1 0.451061 0.063858 0.034198 0.092089