1 0.126179 0.634296 0.120283 0.255802
1 0.188679 0.781336 0.228774 0.437328
1 0.356722 0.764755 0.081368 0.465559
1 0.460495 0.789010 0.163915 0.421980
1 0.443396 0.571624 0.084906 0.411841
1 0.265920 0.451398 0.142689 0.319752
1 0.176297 0.516627 0.211085 0.255802
1 0.183373 0.415585 0.123821 0.243012
1 0.670991 0.153389 0.108491 0.255802
1 0.869104 0.434771 0.077830 0.225105
1 0.608491 0.621506 0.077830 0.245570
1 0.383844 0.365704 0.064858 0.204641
1 0.244104 0.256988 0.040094 0.053718
1 0.184552 0.230129 0.057783 0.138133
1 0.119693 0.161063 0.045991 0.168829
1 0.321344 0.255709 0.043632 0.143249
1 0.284198 0.218618 0.035377 0.140691
1 0.486439 0.381052 0.083726 0.189293
1 0.681604 0.393842 0.042453 0.230221
1 0.750000 0.336287 0.073113 0.191851
1 0.522406 0.175132 0.035377 0.099763
1 0.362028 0.216060 0.058962 0.120227
1 0.312500 0.161063 0.040094 0.112553
1 0.201061 0.138041 0.043632 0.081857
1 0.545991 0.072811 0.042453 0.069066