1 0.114976 0.765723 0.175708 0.221698
1 0.326651 0.813679 0.162736 0.289308
1 0.551297 0.863994 0.095519 0.198113
1 0.644458 0.839623 0.145047 0.209119
1 0.516509 0.368711 0.051887 0.059748
1 0.676887 0.594340 0.066038 0.127358
1 0.602005 0.695755 0.116745 0.103774
1 0.031250 0.636792 0.062500 0.158805
1 0.787736 0.678459 0.091981 0.138365
1 0.800708 0.931211 0.129717 0.137578
1 0.796580 0.816038 0.121462 0.102201
1 0.422170 0.547170 0.061321 0.089623
1 0.054835 0.438679 0.041274 0.045597
1 0.464033 0.353774 0.034198 0.067610
1 0.958137 0.345126 0.036557 0.072327
1 0.308373 0.624214 0.071934 0.064465
1 0.805425 0.483491 0.049528 0.053459